0.05,0,-0.10, 0.7071067811865475, 0.7071067811865476, 0.0, 0.0
0.05, 0.03, -0.1, 0.5773502691896258, 0.8660254037844386, 0.0, 0.0
0.03, 0.03, -0.1, 0.7071067811865475, 0.7071067811865476, 0.0, 0.0
0.03, 0.02, -0.1, 0.7071067811865475, 0.7071067811865476, 0.35355339059327373, 0.35355339059327373
0.02, -0.1, -0.1, 0.7071067811865475, 0.7071067811865476, 0.0, 0.0
0.01, 0.01, -0.01, 0.8660254037844386, 0.5773502691896258, 0.0, 0.0
0.02, 0.03, -0.1, 0.7071067811865475, 0.7071067811865476, 0.0, 0.0





